184063083
184063084
184063085
184063087
184063088
184063089
184063090
184063091
184063092
184063093
184063094
184063095
184063096
184063097
184063098
184063099
184063100
184063101
184063114
184063102
184063103
184063104
184063105
184063106
184063108
184063109
184063110
184063111
184063112
184063115
184063116
184063117
184063118
184063119
184063120
184063121
184063122
184063070
184063082
184063081
184063078
184063079
184063080
184063076
184063075
184063073
184063072
184063071
184063068
184063069
184063066
184063067
184063065
184063060
184063057
18406364
184063062
184063063
184063061
184063058
184063059
184063053
184063055
184063056
184063054
184063050
184063051
184063048
184063049
184063047
184063042
184063002
184063003
184063005
184063008
184063010
184063012
184063013
184063014
184063015
184063016
184063021
184063022
184063023
184063024
184063027
16543015
184063004
184063006
184063007
184063011
184063017
184063019
184063020
184063025
184063028
184063029
184063032
184063034
184063038
184063041
184043043
184043044
184043046
184043048
184043049
184043050
184043051
184043052
184043053
184043054
184043056
184043057
184043058
184043059
184043060
16283138
184043041
184023001
184023002
184023003
184023005
184023006
184023007
184023008
184023009
184023011
184023014
184023015
184023016
184023017
184023018
184023019
184023020
184023021
184023022
184023023
184023024
184023025
184023026
184023027
184023028
184023029
184023030
184023032
184023034
184023035
184023036
184023037
184023038
184023039
184023040
184023089
184023094
184023097
184023099
184023100
184023101
184023103
184023104
184023105
184043060
184043077
184043061
184043062
184043063
184043064
184043065
184043067
184043068
184043069
184043070
184043072
184043074
184043075
184043076
184043040
184043117
184023001
184023002
184023003
184023005
184023006
184023007
184023008
184023009
184023011
184023014
184023015
184023016
184023017
184023018
184023019
184023020
184023021
184023022
184023023
184023024
184023025
184023026
184023027
184023028
184023029
184023030
184023032
184023034
184023035
184023036
184023037
184023038
184023039
184023040
184023089
184023094
184023097
184023099
184023100
184023101
184023103
184023104
184023105
184043002
184043003
184043004
184043005
184043009
184043010
184043011
184043012
184043014
184043020
184043021
184043023
184043024
184043031
184043034
184043039
16283088
184043001
184043006
184043007
184043008
184043013
184043015
184043016
184043017
184043019
184043025
184043026
184043027
184043029
184043035
184043036
184043038
184043117
184073001
184073002
184073003
184073006
184073007
184073011
184073012
184073014
184073015
184073021
184073023
184073024
184073027
184073029
184073032
184023001
184023002
184023003
184023005
184023006
184023007
184023008
184023009
184023011
184023014
184023015
184023016
184023017
184023018
184023019
184023020
184023021
184023022
184023023
184023024
184023025
184023026
184023027
184023028
184023029
184023030
184023032
184023034
184023035
184023036
184023037
184023038
184023039
184023040
184023089
184023094
184023097
184023099
184023100
184023101
184023103
184023104
184023105
184073001
184073002
184073003
184073006
184073007
184073011
184073012
184073014
184073015
184073021
184073023
184073024
184073027
184073029
184073032
184023001
184023002
184023003
184023005
184023006
184023007
184023008
184023009
184023011
184023014
184023015
184023016
184023017
184023018
184023019
184023020
184023021
184023022
184023023
184023024
184023025
184023026
184023027
184023028
184023029
184023030
184023032
184023034
184023035
184023036
184023037
184023038
184023039
184023040
184023089
184023094
184023097
184023099
184023100
184023101
184023103
184023104
184023105